translation {
  x: -0.388333
  y: 0.000003
  z: 1.327069
}
rotation {
  x: -0.5684126372457637
  y: -0.5684126372457636
  z: 0.42060322611615314
  w: 0.4206032261161532
}
