translation {
  x: 0.7597
  y: -0.459333
  z: 1.145462
}
rotation {
  x: 0
  y: -0.8038568606172173
  z: 0.5948227867513414
  w: 0
}
