translation {
  x: 0.759705
  y: 0.459333
  z: 1.145462
}
rotation {
  x: -0.8038568606172173
  y: 0.0
  z: 0.0
  w: 0.5948227867513414
}
