translation {
  x: 1.310482
  y: 0.000078
  z: 1.338213
}
rotation {
  x: -0.5
  y: -0.5
  z: -0.5
  w: 0.5
}
