translation {
  x: 1.39497
  y: -0.000008
  z: 1.107332
}
rotation {
  x: -0.5684126372457637
  y: 0.5684126372457636
  z: -0.42060322611615314
  w: 0.4206032261161532
}
