translation {
  x: -0.379208
  y: 0.0
  z: 1.38611
}
rotation {
  x: -0.5
  y: -0.5
  z: 0.5
  w: 0.5
}
