translation {
  x: 1.38927
  y: 0.000063
  z: 1.22671
}
rotation {
  x: 0
  y: 0.1959461
  z: 0
  w: 0.9806147
}
